22077441	UT: 43.009815,-83.710408
17145858	UT: 38.856217,-90.056057
33931268	UT: 42.52548,-73.770351
19521541	UT: 40.735051,-74.228224
26976263	UT: 34.096153,-118.368732
1441801	UT: 33.952136,-117.383026
16048138	UT: 34.158187,-118.371964
22398295	UT: 34.053721,-118.275423
18705069	UT: 33.886434,-118.096787
47893791	UT: 25.58973,-100.275703
33890321	UT: 40.709022,-73.784337
20550617	UT: 28.471762,-81.452212
14589971	UT: 25.651042,-100.338093
17538568	UT: 29.647386,-95.171716
32677911	UT: 27.858981,-82.331178
18710552	UT: 40.647863,-73.922868
44382895	UT: 45.518489,-122.658694
36848986	UT: 27.944584,-82.693365
60443903	UT: 40.824584,-73.944458
45278080	UT: 33.519021,-80.791351
23986211	UT: 34.051157,-117.704864
19308582	UT: 33.771886,-81.91988
3582641	UT: 28.723639,-81.488991
44417065	UT: 41.630649,-81.413265
34553898	UT: 29.550625,-98.571764
57057287	UT: 43.04223,-88.1238145
27025453	UT: 40.694453,-73.863182
18604078	UT: 41.622463,-87.587884
30130761	UT: 40.815998,-72.968097
76685360	UT: 25.87659,-80.353451
23978034	UT: 42.377084,-71.002366
25133107	UT: 37.676262,-120.946885
29491253	UT: 41.879214,-87.638769
12976182	UT: 34.575743,-98.395647
27787319	UT: 40.794021,-73.933293
22290488	UT: 39.383602,-76.55433
21282873	UT: 34.514078,-84.933484
29548602	UT: 38.815266,-77.438777
15470602	UT: 33.439932,-82.013003
15333450	UT: 36.16848,-86.801025
28590143	UT: 26.30922,-80.275692
43616441	UT: 30.588081,-96.337821
54435905	UT: 36.78062,-76.013787
38068292	UT: 35.78201,-83.459258
40869957	UT: 40.584613,-73.926716
33144902	UT: 25.963029,-80.183631
74891335	UT: 40.639342,-73.891641
28459082	UT: 47.134771,-122.43423
20439116	UT: 33.51939,-84.330495
25518157	UT: 40.879546,-73.883708
25231438	UT: 36.079604,-79.775606
21766225	UT: 41.99072,-87.808092
16982099	UT: 33.946192,-118.24271
34078804	UT: 29.727996,-95.364046
36429909	UT: 28.039656,-81.724764
48341078	UT: 43.026405,-78.793165
19521623	UT: 36.075207,-119.060665
32235608	UT: 41.199088,-73.720361
67346522	UT: 40.793071,-73.941371
22814811	UT: 41.175005,-81.79334
19251293	UT: 32.408733,-81.780135
28147809	UT: 36.066922,-115.17961
60842082	UT: 36.126459,-79.797817
27263077	UT: 42.172913,-88.001583
25075814	UT: 40.717172,-73.783083
50151441	UT: 33.435232,-112.031484
17391720	UT: 33.599079,-84.468986
28278889	UT: 29.166989,-80.988343
